# EXPERIMENT NUMBER 3 
## optimizer : adam 
## number of hidden layers phonetic net: 2 
## number of hidden units phonetic net: 100 
## number of hidden layers acoustic net: 5 
## number of hidden units acoustic net: 250 
## phonetic embedding size: 75 
## lambda reconstruction: 0.500000 
## lambda embedding: 0.050000 
## learning rate : 0.001000 
## batch size : 10 
## approx number of steps: 1848000 
## approx number of steps per epoch: 369 
1	67.21277201	71.77269233	1.38679602	3.63336801	140.40845612	0.57808810
2	47.89664479	67.27512784	1.19851837	3.15722202	131.83749672	0.62229371
3	45.86350201	64.90389898	1.08801510	2.88907832	127.34286015	0.64865030
4	44.01452155	63.76553110	1.04314475	2.74089380	125.17068335	0.66605172
5	43.39241007	62.87164770	1.02793543	2.78816325	123.40860834	0.66924644
6	42.35463463	62.52987287	0.98646513	2.54245779	122.83256958	0.68123168
7	41.38032824	62.62257933	0.99934204	2.61783635	122.98469084	0.68089060
8	41.26950985	62.52904635	1.02762322	2.68195562	122.73465057	0.67960670
9	40.44245071	62.20612882	1.01058047	2.63504082	122.12759264	0.68980767
10	40.32881057	62.20337080	1.02726723	2.74496089	122.07771114	0.68629628
11	40.21035371	61.65149043	1.05486138	2.72209251	120.92104893	0.68548770
12	39.52582401	61.80313545	1.09139431	2.71266697	121.15221546	0.68054217
13	39.23846229	61.39812062	1.06337622	2.71342874	120.39814590	0.69019148
14	38.79870493	61.31681381	1.08141857	2.71151465	120.19963909	0.69179356
15	38.64051715	61.50802535	1.08404145	2.63839437	120.58412832	0.69298367
16	38.45698792	61.64369292	1.12276979	2.71449443	120.77039696	0.69370219
17	38.17336083	61.66256824	1.14116131	2.70744332	120.77206938	0.69148666
18	38.13719224	61.10167480	1.13853938	2.61715617	119.66455545	0.69777559
19	38.13399527	61.50789927	1.19431563	2.81975700	120.34519131	0.69588583
20	37.79418154	61.22523271	1.21293029	2.82026296	119.74257818	0.68974714
21	37.33458287	61.80599893	1.19404223	2.71600094	120.95231312	0.69686159
22	36.89761982	61.85719469	1.22495300	2.67906662	120.99657658	0.69774101
23	36.92716228	62.25383965	1.27444928	2.84499731	121.67428089	0.69602565
24	36.72481330	62.46945018	1.30881205	2.88942383	122.03233410	0.69258169
25	36.65612390	62.41591505	1.29612500	2.85832808	121.95374712	0.69211329
26	36.51453687	62.60374506	1.31636547	2.87948404	122.28681082	0.69457567
27	36.29414264	62.42948881	1.32501417	2.88278590	121.92067041	0.69939070
28	35.83892802	62.65632150	1.35577948	2.76973779	122.32411026	0.70026494
29	36.05284678	62.70113516	1.39338671	2.98089436	122.31740749	0.69395194
30	35.58552839	62.88986737	1.39557812	3.02746856	122.68583158	0.69091720
31	35.53583943	62.70305487	1.37893862	2.92815080	122.35541729	0.69988294
32	35.18093639	62.78575256	1.40662861	2.95716219	122.46253160	0.70148589
33	35.16017333	63.64954296	1.46680463	2.93997289	124.07147923	0.69940076
34	34.85842257	63.43675603	1.47948442	2.95394102	123.61914915	0.70168411
35	34.75814988	63.14170641	1.51588108	2.99508705	122.95214214	0.69745861
36	34.49152769	63.73826230	1.57759644	3.22046593	123.99928534	0.68182529
37	34.51618715	63.44953128	1.46194286	3.07820700	123.66735619	0.68954224
38	34.36305623	63.71394296	1.49780201	3.06161219	124.12612053	0.69633603
39	34.06479003	63.76872416	1.51633867	2.92223498	124.21254763	0.70478228
40	34.29761731	64.92854662	1.56731496	3.00736832	126.42172630	0.70461411
41	33.93802943	64.28987451	1.59045978	2.96585916	125.10224367	0.70558109
42	33.77206762	64.39130447	1.63159869	3.06921351	125.21249023	0.70156086
43	33.53903964	64.97376138	1.63605292	3.07738186	126.36767868	0.69435137
44	33.62841982	64.65063280	1.60341272	3.06654142	125.78778578	0.69779028
45	33.19653771	64.13602372	1.59435952	3.07015439	124.77631317	0.70181906
46	33.36541539	65.09287027	1.65152184	3.08530581	126.57416651	0.70191304
47	32.84262535	64.98476806	1.67785885	3.01136822	126.31268154	0.70556641
48	33.02304245	64.83988398	1.71836113	3.02019825	125.94102594	0.70467904
49	32.74535156	65.53875434	1.74685478	3.07113179	127.27668581	0.70198582
50	32.43700568	65.46604123	1.71982578	3.02055617	127.19037565	0.70054035
51	32.66213454	66.41965908	1.76063776	3.10917127	129.00712559	0.69262721
52	32.58937092	65.59426390	1.71515842	3.07794408	127.45041687	0.69892540
53	32.27741555	66.29759577	1.69748265	3.08825223	128.89140093	0.70294662
54	32.19304569	65.67173923	1.75684831	3.04633912	127.52514793	0.70487306
55	31.95449926	65.33949321	1.81646806	3.03130780	126.74291952	0.70113280
56	31.75746699	66.81644521	1.80893429	3.05808293	129.70921377	0.70572408
57	32.03516092	66.09862145	1.83417567	2.94912691	128.23397907	0.70641556
58	31.91814847	66.33253235	1.86786823	3.04311688	128.62501657	0.70388543
59	31.67916803	67.03191436	1.89074454	3.04384692	129.97795523	0.70245601
60	31.42219354	66.33329012	1.86339496	3.22513281	128.61727737	0.68018754
61	31.36304141	66.36382892	1.75528825	3.08371931	128.90870935	0.69914624
62	31.42669215	67.01494884	1.80511689	3.04506629	130.11515745	0.70470782
63	31.26130964	66.50052376	1.85701465	3.02034425	128.98498360	0.70715558
64	30.91643253	66.77208647	1.89790026	3.01218729	129.44715351	0.70767738
65	31.01881324	66.94592010	1.96904970	3.00153703	129.65358713	0.70443938
66	30.95315834	67.68340805	1.95505690	3.00647662	131.15605463	0.70164186
67	30.88908084	66.33969176	1.91641061	3.11595165	128.53496717	0.69754991
68	30.87113169	67.39513484	1.91690872	3.07152416	130.64929996	0.69883828
69	30.66125501	67.82567472	1.91469315	3.02324400	131.51963886	0.70599442
70	30.63365715	67.23620604	1.94436980	3.00877642	130.28279470	0.70797669
71	30.69856085	67.81553499	1.98319894	3.06829372	131.35784266	0.70636148
72	30.51985715	67.40537614	2.00060196	3.07647815	130.50190029	0.70173952
73	30.46299003	67.48450506	2.02434125	3.07552786	130.61277473	0.70331957
74	30.37185573	68.09661342	2.04142444	3.14491328	131.79588673	0.69524204
75	30.11668790	67.39157055	1.98895477	3.12983128	130.49224817	0.69723040
76	30.00127202	68.25530066	1.98378452	3.07686951	132.23534508	0.70225488
77	29.87363349	68.00949914	2.03469727	3.04710177	131.64489376	0.70337221
78	30.00688098	67.29089244	2.05145067	2.96248091	130.18263535	0.70452342
79	30.08932748	67.96666498	2.08875105	3.05177700	131.45065035	0.70592827
80	30.02573890	67.67971416	2.10556991	3.13663080	130.83462542	0.69648640
81	29.70682941	67.70209599	2.01284843	3.08266106	131.07022921	0.69645569
82	29.35891736	68.93552723	2.03139551	3.06697406	133.50156630	0.70191897
83	29.43133201	68.35532699	2.09276022	3.08393568	132.21673990	0.70184362
84	29.43262198	67.78850164	2.10213294	3.02648268	131.07008865	0.70536922
85	29.51827635	68.87103642	2.11874725	3.01539973	133.20303852	0.70581279
