# EXPERIMENT NUMBER 4 
## optimizer : adam 
## number of hidden layers phonetic net: 2 
## number of hidden units phonetic net: 100 
## number of hidden layers acoustic net: 5 
## number of hidden units acoustic net: 250 
## phonetic embedding size: 75 
## lambda reconstruction: 1.000000 
## lambda embedding: 0.200000 
## learning rate : 0.010000 
## batch size : 10 
## approx number of steps: 1848000 
## approx number of steps per epoch: 369 
1	123.48467453	149.09610397	2.82140400	3.59592588	145.55551477	0.31910141
2	95.85922719	143.51458872	2.11401800	3.29813658	140.74094364	0.44961459
3	92.06196749	135.04220625	1.86740329	2.67920104	132.63896278	0.49948792
4	89.44560902	129.52828707	1.72303542	2.20602653	127.36404655	0.52665690
5	88.14567011	129.43756231	1.66101416	2.17948060	127.34065187	0.54707979
6	86.72355129	126.55201151	1.60662451	2.12269953	124.52084679	0.56070518
7	86.01358147	127.13157597	1.57127476	1.93349973	125.17360126	0.56790337
8	84.70299213	127.43950954	1.60004818	1.91663588	125.45613392	0.56706865
9	83.55476081	125.55654787	1.53282446	1.79540819	123.66464178	0.58011113
10	83.67354944	125.69965679	1.56566041	1.74562677	123.78487082	0.57725941
11	83.17788258	125.85306349	1.52944979	1.73083657	123.97744629	0.58757779
12	82.96719856	124.84134518	1.54011804	1.75319272	122.95058846	0.59168029
13	81.81509078	123.75725937	1.53955480	1.66266175	121.88517214	0.59160217
14	82.05429102	123.81102371	1.52956281	1.61877032	121.95770676	0.59542117
15	81.08992044	124.65550779	1.54334901	1.65986261	122.78018595	0.60020803
16	81.62432564	124.62574617	1.55389521	1.59955379	122.75193996	0.60028701
17	81.08137255	124.10813181	1.59855682	1.63158512	122.18325796	0.59189567
18	80.26505084	124.74790951	1.58477727	1.68351064	122.82643032	0.60320040
19	79.99812271	123.61725824	1.61808566	1.57149933	121.68487280	0.59887291
20	80.34931737	124.09792467	1.62541530	1.59176824	122.15415571	0.60169909
21	79.55687646	127.18346914	1.66194978	1.72520378	125.17647865	0.60205145
22	79.98660777	124.07451797	1.68305263	1.65014701	122.06143600	0.59861189
23	79.43957842	124.11396687	1.69157833	1.59128773	122.10413086	0.60392882
24	78.81163260	123.80718374	1.73426752	1.63515120	121.74588575	0.59325301
25	78.76523246	122.99867517	1.76009202	1.60901903	120.91677925	0.60071004
26	78.46989699	127.72025135	1.76223284	1.62771267	125.63247576	0.60088736
27	79.00657513	123.96942768	1.75998704	1.62350492	121.88473980	0.60094137
28	77.74864820	124.70484112	1.78078412	1.61340206	122.60137680	0.60804326
29	77.73915690	124.59242573	1.83101111	1.65431888	122.43055094	0.60246867
30	77.95678404	127.06694578	1.80023560	1.63321128	124.94006798	0.60569062
31	77.61081364	126.23372780	1.82325579	1.55615451	124.09924128	0.60908772
32	76.97244689	127.49856058	1.83905775	1.56689672	125.34612333	0.61254064
33	77.00518661	124.53272667	1.90851524	1.67819983	122.28857157	0.60269299
34	76.92620965	123.82059547	1.86577370	1.57661907	121.63949810	0.60846833
35	76.91008790	126.85212168	1.90906445	1.55253600	124.63255028	0.61211310
36	75.65209320	124.79123667	1.95932209	1.51713200	122.52848793	0.60716233
37	76.08379901	125.71304993	1.95658761	1.52043578	123.45237509	0.60830872
38	76.54001659	124.94149954	1.95561777	1.47814867	122.69025206	0.60904550
39	76.22256650	125.78770329	1.99189042	1.52661605	123.49048973	0.60511006
40	76.05531197	128.18352856	1.98755903	1.56606428	125.88275640	0.61185963
41	75.93138275	129.76113823	2.05097684	1.56775802	127.39660969	0.60813710
42	76.02802128	126.50086073	2.01013239	1.50787747	124.18915264	0.61068278
43	75.57605133	125.88729076	2.02212604	1.54737489	123.55568949	0.61582782
44	74.99186546	125.29329334	2.04997781	1.52904110	122.93750738	0.61734757
45	75.05836771	126.15053391	2.10899485	1.54728197	123.73208273	0.61364964
46	74.86297864	127.80377768	2.10476415	1.51662543	125.39568859	0.61109231
47	74.87434532	129.94976437	2.10917226	1.53028016	127.53453615	0.60114633
48	75.07539058	128.23181581	2.07433082	1.52516769	125.85245165	0.61369839
49	74.65947908	125.79991646	2.10789212	1.49482304	123.39305941	0.61360799
50	74.54095394	126.09140785	2.17904604	1.58643278	123.59507517	0.60901242
51	74.85440266	128.30117874	2.15442957	1.49293471	125.84816198	0.61718507
52	73.89136197	127.84177015	2.32236852	1.56770390	125.20586102	0.60033769
53	74.77451875	128.79340002	2.18538050	1.52995440	126.30202829	0.60896138
54	73.54467367	126.18954210	2.15830839	1.51468514	123.72829651	0.61794678
55	74.52214111	127.66197090	2.17272453	1.50121709	125.18900291	0.62063624
56	73.76404257	129.58394310	2.23413177	1.52386539	127.04503859	0.61702982
57	73.11331537	128.63309689	2.25937623	1.51988723	126.06974287	0.62235482
58	73.48687179	126.92747101	2.36874210	1.58567865	124.24159315	0.60879850
59	74.09408825	128.35343954	2.03893418	1.61612093	125.99128107	0.60686137
60	72.93234377	128.41642141	2.12677699	1.48185981	125.99327244	0.62112848
61	73.61433471	127.48102848	2.21758614	1.49425172	124.96459204	0.62470712
62	73.39363604	128.09387980	2.30126849	1.51300702	125.49000999	0.62269324
63	72.06692164	127.47549589	2.32839365	1.57446098	124.83220991	0.62429918
64	71.68428629	128.59316383	2.37090242	1.53582925	125.91509569	0.62421714
65	72.53167732	127.35475906	2.35571124	1.59459535	124.68012873	0.61294162
66	72.71815445	127.75482571	2.31858774	1.66124191	125.10398977	0.59096924
67	72.52729459	127.52932959	2.23480952	1.59637556	124.97524498	0.61324139
68	72.24741785	127.58641100	2.29271894	1.51784333	124.99012318	0.62210889
69	72.44959597	127.14769276	2.35161129	1.52009283	124.49206268	0.62249459
70	71.87577730	128.23292107	2.41715553	1.48610540	125.51854450	0.62120421
71	72.27084544	129.75615635	2.45016383	1.54025697	126.99794144	0.61459878
72	71.79972749	127.81570377	2.37854764	1.56488092	125.12418003	0.61318345
73	72.29692178	129.76649630	2.38731988	1.52269357	127.07463728	0.61591152
74	71.98772937	128.63522024	2.40558830	1.52788551	125.92405485	0.61858509
75	71.31545015	129.61967234	2.42131223	1.55445423	126.88746914	0.62041036
76	71.75565794	128.75768831	2.44365266	1.52844103	126.00834724	0.62185319
77	71.12847060	130.36486975	2.50148434	1.54574611	127.55423567	0.61882577
78	71.55946614	132.85402691	2.26859960	1.61614405	130.26219828	0.60361956
79	71.19337297	127.14306515	2.28962653	1.52875256	124.54768812	0.62037816
80	71.65036781	128.48185612	2.38355202	1.52270454	125.79376305	0.62349012
81	70.92118904	129.30852625	2.43850691	1.49604426	126.57081057	0.62673917
82	70.88817650	128.70506605	2.51885903	1.48963516	125.88828007	0.62679176
83	70.64622918	130.76663902	2.54023321	1.52322387	127.92176081	0.62269892
84	70.89790026	128.44788473	2.57419974	1.54325160	125.56503462	0.61518236
85	70.68981021	129.14042725	2.27388524	1.55255937	126.55603014	0.61227359
86	70.63599819	129.35263090	2.38085129	1.51867168	126.66804522	0.61747253
87	70.93096049	129.24867752	2.45374400	1.49379080	126.49617556	0.62643142
88	70.01115930	130.85750982	2.55151137	1.48467151	128.00906412	0.62343682
89	70.03320412	130.93507895	2.61604813	1.53321710	128.01238752	0.62300234
90	69.55456634	130.50688278	2.62941060	1.53390659	127.57069075	0.62059572
91	70.38113941	131.57107697	2.66237892	1.58789825	128.59111864	0.60566301
92	70.02004462	128.51161936	2.51472050	1.56472661	125.68395357	0.61090460
93	69.74148696	128.78572777	2.52198077	1.52886641	125.95797390	0.61664466
94	69.93513263	130.33837925	2.56770370	1.55069227	127.46053707	0.62290324
95	69.46131490	129.41336842	2.59125561	1.50000708	126.52211145	0.62762262
96	69.17513137	130.32651644	2.67947641	1.53723497	127.33959293	0.62518042
