# EXPERIMENT NUMBER 2 
## optimizer : adam 
## number of hidden layers phonetic net: 2 
## number of hidden units phonetic net: 100 
## number of hidden layers acoustic net: 5 
## number of hidden units acoustic net: 250 
## phonetic embedding size: 75 
## lambda reconstruction: 1.000000 
## lambda embedding: 0.100000 
## learning rate : 0.001000 
## batch size : 10 
## approx number of steps: 1848000 
## approx number of steps per epoch: 369 
1	132.78215445	142.35870943	2.38691603	3.72290899	139.59950233	0.41275506
2	94.87040762	133.49090382	1.81389478	3.32043983	131.34496510	0.51873462
3	91.04441807	130.82241234	1.65242205	2.96418049	128.87357206	0.54065733
4	88.30378203	125.99035822	1.50506776	2.96376346	124.18891390	0.57907235
5	85.89158975	125.02699043	1.44000209	2.77031789	123.30995680	0.59580728
6	84.98549442	124.92076981	1.45480895	2.82950925	123.18301027	0.59354260
7	84.09739489	123.60788370	1.40998238	2.82760983	121.91514050	0.60712807
8	82.33415417	123.14847382	1.41620998	2.98970626	121.43329338	0.60984319
9	81.81651177	124.67179014	1.41134889	2.92256933	122.96818424	0.61379453
10	80.88872425	122.43542019	1.41648778	2.88713542	120.73021900	0.61559577
11	80.52631360	122.12857834	1.42033541	2.90844377	120.41739851	0.61661636
12	79.01626185	123.36804386	1.42414380	3.10023461	121.63387636	0.61997942
13	78.46468145	122.23435745	1.42832839	3.00317079	120.50571194	0.62543526
14	77.80379937	122.84050983	1.46596246	3.06049708	121.06849779	0.62014348
15	77.05196318	122.23432440	1.47493881	2.97369432	120.46201630	0.62232102
16	77.05450003	122.08160688	1.50160313	3.01632059	120.27837149	0.62329796
17	76.68355869	122.65256594	1.53066777	3.08029944	120.81386839	0.62345250
18	75.22759484	122.39667126	1.52997057	3.15344866	120.55135559	0.62809393
19	75.18475245	121.98617672	1.56182324	3.11345354	120.11300835	0.62460184
20	74.62150349	122.61341597	1.61839562	3.27244594	120.66777601	0.62193675
21	74.52266437	121.43766626	1.60865017	3.07492506	119.52152357	0.62725816
22	73.81012380	122.61017467	1.61942596	3.08535941	120.68221273	0.63084510
23	73.82966966	122.88874563	1.62916259	2.96048411	120.96353437	0.63476106
24	72.93273052	123.27601635	1.71111306	3.15828544	121.24907469	0.61907516
25	72.27978444	124.20695791	1.72530499	3.21161176	122.16049164	0.62437914
26	72.56434196	123.85203794	1.72833901	3.14845662	121.80885309	0.62655237
27	71.95781850	122.98305998	1.70186941	3.01683004	120.97950758	0.63787709
28	71.86738866	124.14667803	1.76223453	3.15284978	122.06915865	0.63130219
29	71.29498816	125.04143654	1.76665721	3.18289558	122.95648977	0.63219758
30	70.72984117	123.07416172	1.80185497	3.20542942	120.95176357	0.62526039
31	70.59093359	125.43879791	1.84002296	3.18781180	123.27999416	0.62301589
32	70.48135813	124.40915606	1.83204299	3.27669727	122.24944330	0.62806703
33	69.55638454	124.03401556	1.79502311	3.22621804	121.91637070	0.63610082
34	69.61386699	126.26614626	1.86706557	3.13303632	124.08577675	0.63812246
35	69.50554813	126.02114098	1.88898580	3.17820879	123.81433434	0.63530451
36	68.89245356	127.79263304	1.90720708	3.15080639	125.57034576	0.63652105
37	68.93818071	126.86751003	2.04031337	3.44056881	124.48313971	0.61007650
38	68.40839537	126.45446531	1.90467834	3.25557824	124.22422932	0.63169479
39	67.99493607	126.60710094	1.91626342	3.18975732	124.37186169	0.63691026
40	67.31385067	126.05087234	1.94035724	3.29467582	123.78104778	0.64033891
41	66.91739838	126.88265951	1.99305814	3.25158375	124.56444281	0.63665938
42	66.80514885	127.62404346	2.02339395	3.27586424	125.27306313	0.63348875
43	67.26060436	127.79388768	2.08559477	3.28390558	125.37990238	0.62887881
44	66.36775514	127.36297060	2.05422836	3.47401894	124.96134035	0.61518776
45	66.12892518	127.24594082	1.96400195	3.31850321	124.95008831	0.63622764
46	65.49495758	129.26541822	2.00426559	3.25422543	126.93572990	0.63869432
47	65.38670225	128.31421593	2.02838981	3.19415244	125.96641100	0.64102140
48	65.37705075	128.81470962	2.06242228	3.20691387	126.43159594	0.64011476
49	64.66708558	130.60762821	2.11605115	3.26053945	128.16552319	0.63684774
50	64.46608344	128.21168114	2.18791681	3.28483246	125.69528111	0.62776472
51	64.50701757	129.33445740	2.17196621	3.49095457	126.81339581	0.61415295
52	64.25837630	129.96415453	2.05693202	3.31446862	127.57577539	0.63247217
53	64.10210406	129.81948896	2.09638920	3.20737225	127.40236244	0.63993254
54	63.99245952	131.16537813	2.12538766	3.25013886	128.71497663	0.64009564
55	64.08749628	129.26401110	2.16921374	3.29601410	126.76519629	0.63858855
56	63.16048163	130.25891193	2.19121048	3.29476265	127.73822500	0.64014492
57	63.63877380	130.24795996	2.20758807	3.30365710	127.71000624	0.64031972
58	62.99280029	131.03849314	2.27316071	3.36769085	128.42856295	0.63291855
59	62.98418941	130.95493553	2.19914902	3.43773819	128.41201288	0.62011247
60	62.88551560	130.36694269	2.17516603	3.31321132	127.86045572	0.63385991
61	61.93690622	131.50922083	2.20373670	3.35706978	128.96977697	0.63956286
62	62.34255603	132.42741386	2.22510332	3.28561012	129.87374956	0.64242490
63	62.42778696	130.09076637	2.26573832	3.23246709	127.50178127	0.64008999
64	62.08797814	131.31914667	2.30736645	3.27021232	128.68475918	0.63768081
65	61.54436620	132.61284517	2.34474712	3.45929324	129.92216858	0.62835499
66	61.70446819	132.88063301	2.34987179	3.51794213	130.17896715	0.61889346
67	61.48717581	132.42165169	2.30350973	3.36765233	129.78137709	0.62954525
68	60.87904286	132.35120836	2.29503093	3.25500383	129.73067690	0.63780126
69	60.87393276	132.87646906	2.33387319	3.30631489	130.21196423	0.63970154
70	60.36589427	132.50209105	2.36114989	3.28661883	129.81227940	0.64182275
71	60.29822655	132.86259726	2.38025430	3.24571910	130.15777098	0.64201010
72	60.50187467	132.66511608	2.40457427	3.33243461	129.92729805	0.63415780
73	59.56671290	133.63609064	2.46309194	3.51833791	130.82116486	0.61795303
74	60.49481372	134.36532530	2.40729552	3.43693765	131.61433592	0.62644282
75	60.29314009	132.49706797	2.36263586	3.29198597	129.80523359	0.63654397
76	59.05012993	133.05236456	2.36265476	3.24386242	130.36532352	0.64194005
77	59.35468142	133.48323956	2.41618529	3.32610548	130.73444365	0.63848392
78	59.37212400	134.02632345	2.44119797	3.30601778	131.25452379	0.63711266
79	58.69010373	133.13423264	2.46538771	3.31881229	130.33696369	0.63907819
80	58.99242788	134.05997536	2.47665165	3.38069661	131.24525387	0.63969632
81	58.92453267	135.11738323	2.53240187	3.37215646	132.24776579	0.62822725
82	58.86624672	134.54591698	2.45607432	3.32637835	131.75720507	0.63285937
83	59.03793053	132.73766605	2.47341032	3.25871524	129.93838436	0.63779283
84	58.43199278	134.45789532	2.50367083	3.34276527	131.61994772	0.63798067
85	58.21800630	133.86260628	2.51823925	3.30618781	131.01374825	0.63971872
86	58.12598090	133.80015757	2.52560570	3.34448890	130.94010271	0.64103154
87	58.24644227	135.79305120	2.57301879	3.29282865	132.89074968	0.63788374
88	57.71750558	135.43277296	2.56509836	3.29848238	132.53782629	0.64000391
89	58.20213246	136.64456310	2.56731179	3.45185119	133.73206640	0.62359495
90	57.83424130	136.76285158	2.46539496	3.36473836	133.96098318	0.63137770
91	57.81609706	135.21234056	2.50379842	3.30597194	132.37794497	0.63753012
92	58.07794941	136.24536633	2.51893109	3.28942709	133.39749237	0.63948640
93	56.94275543	135.98684399	2.56453872	3.27923610	133.09438164	0.64057689
94	57.40979884	135.16337708	2.59343372	3.28662945	132.24128061	0.64018617
95	56.98708879	136.71284605	2.61284253	3.30198763	133.76980478	0.63997963
96	57.27268696	135.90059402	2.64977330	3.33329966	132.91749065	0.63688168
97	57.35682288	136.32819321	2.66057051	3.40575151	133.32704721	0.63284565
98	56.87008304	137.34110735	2.72498960	3.57411988	134.25870546	0.62003824
99	56.34764670	136.66182442	2.63751109	3.41610663	133.68270271	0.63466311
100	56.99026179	135.85709742	2.62604292	3.34125105	132.89692945	0.63692176
101	56.59050345	137.22294556	2.62896733	3.32158985	134.26181929	0.63870629
102	55.97961889	136.86111691	2.67333167	3.27181359	133.86060398	0.63899935
103	56.52058160	136.69042667	2.68187825	3.25717442	133.68283068	0.64145331
104	55.59053677	137.06989397	2.69372563	3.30751435	134.04541702	0.64119271
105	56.43910616	136.30398537	2.72576443	3.36532528	133.24168840	0.63994997
106	56.03461727	138.82914234	2.74686943	3.32912749	135.74936029	0.63655469
107	56.14747736	137.80615013	2.79243512	3.48516956	134.66519777	0.61749507
108	55.58868742	137.18500772	2.64566253	3.42411698	134.19693359	0.62930165
109	55.81154437	137.09169973	2.64980417	3.40209757	134.10168571	0.63755149
110	55.38520216	138.06748711	2.70663651	3.39779900	135.02107033	0.63835276
111	55.51618541	137.92923622	2.71401474	3.36008169	134.87921329	0.63820832
112	54.93297988	137.35214622	2.71049423	3.31583021	134.31006891	0.64041366
113	55.30668047	137.03218390	2.75202139	3.29013545	133.95114883	0.63988792
114	55.29754198	137.46466406	2.76473823	3.35860871	134.36406483	0.64131221
115	54.92141993	138.15270838	2.79990697	3.32452632	135.02034903	0.63905407
116	54.93375443	138.16669518	2.79004155	3.51570465	135.02508339	0.61957375
117	54.73117543	139.57488104	2.69911845	3.36794814	136.53896788	0.63178377
118	55.23406633	137.87763948	2.73017736	3.38421536	134.80904068	0.63717635
119	54.33881703	138.58889164	2.74362163	3.32580954	135.51268923	0.63844291
120	54.77671584	138.44706129	2.75830343	3.31962868	135.35679504	0.64002790
121	54.97484872	138.37082140	2.79851067	3.32327575	135.23998308	0.64038806
122	54.17892881	138.77082853	2.80256402	3.32509570	135.63575495	0.64031961
123	54.23715605	138.38971270	2.82581159	3.33669874	135.23023115	0.64104698
124	54.42054022	139.32267109	2.84262791	3.34136358	136.14590693	0.63709797
125	54.39729663	139.62778303	2.97150722	3.57979546	136.29829603	0.61212031
126	54.13196409	140.33042921	2.78999231	3.44633860	137.19580280	0.63211063
127	54.28200549	138.25004105	2.76730359	3.37307038	135.14543045	0.63889082
128	54.35141168	139.00055748	2.80087608	3.40876247	135.85880510	0.64114190
129	53.55098583	138.70464226	2.82677857	3.34790161	135.54307360	0.64239132
130	53.89346886	138.95955547	2.82345061	3.30281991	135.80582308	0.64348951
131	53.95788507	138.95860537	2.87213967	3.36349207	135.75011621	0.64101498
132	53.55393252	139.06241135	2.87778091	3.35728060	135.84890240	0.63930472
133	53.72252488	139.58743120	2.96374789	3.45905479	136.27777758	0.63263531
134	53.89304169	139.11371695	2.87420777	3.53130884	135.88637838	0.62491887
135	53.53972999	138.84429329	2.85389688	3.40247312	135.65014883	0.63231601
136	53.60509972	139.84547033	2.86353774	3.41127703	136.64080519	0.63630675
137	53.89835898	138.72275345	2.87238346	3.38254669	135.51211523	0.63988736
138	53.34751687	139.23802799	2.91207948	3.36495320	135.98945333	0.64053195
139	53.14681276	140.98186834	2.93988534	3.35427714	137.70655546	0.63804456
140	53.31208738	138.98204130	2.97073582	3.38398639	135.67290657	0.63883537
